3950520280 1751042330 139651634
936578795 3912173308 42397072
3553681000 1722281506 28760824
697953317 651809140 90189394
3582441824 876081661 368078456
978975867 2358439651 252255693
1495879532 2678320518 199775133
1910380638 3308279888 122339216
3355092099 1561901004 91630618
3187667509 2033753243 70292073
2752202873 3816184128 41568037
648600286 479585511 49353031
3149600631 2356473769 1965882
1695654665 2629130810 49189708
201901143 385568770 94016741
536376004 741998534 3182157
2472303091 3954570380 279899782
539558161 257732262 15304877
3131165165 2610695344 18435466
3446722717 1890693964 106958283
2793770910 1653531622 40823934
9849113 65680232 192052030
2878736712 2104045316 252428453
1792836692 2878095651 117543946
2172585320 1244160117 273599019
2060645804 3884012463 28160845
3257959582 3719051611 97132517
408449515 745180691 127926489
876081661 4234470162 60497134
1231231560 3043631916 264647972
3151566513 1997652247 36100996
2446184339 3430619104 26118752
803816626 582518586 69290554
554863038 9849113 40157204
2146325022 3857752165 26260298
788142711 50006317 15673915
295917884 273037139 112531631
2834594844 1517759136 44141868
4090171914 3456737856 204795382
2088806649 3661533238 57518373
1744844373 2995639597 47992319
2032719854 1694355556 27925950
595020242 528938542 53580044