3071447765 3790677895 35519893
501148922 1470714761 60946444
949413779 3960084356 1114317
2276139972 547813284 42132370
261623667 0 220957931
0 220957931 207965683
2629055810 2988733812 367963097
936813255 2507216386 12600524
3106967658 2402339659 33240399
909841910 3356696909 11084951
1030029700 920191219 341387512
2503236334 3572469232 125819476
1371417212 1666455982 273052538
2997018907 3367781860 25674024
3311094548 2519816910 468916902
2021404744 1531661205 83389724
3140208057 1939508520 59879232
259387264 428923614 2236403
950528096 1334878052 79501604
2446901229 1414379656 56335105
1644469750 3393455884 140294896
3022692931 3698288708 48754834
4042169428 1999387752 252797868
1805974329 3981490698 215430415
1784764646 501148922 21209683
889549885 3961198673 20292025
3780011450 522358605 10399946
2104794468 1261578731 73299321
3790411396 3842084182 118000174
2318272342 2252185620 113574154
4003450976 3533750780 38718452
2178093789 4196921113 98046183
3908411570 3747043542 43634353
562095366 2435580058 71636328
2431846496 532758551 15054733
920926861 3826197788 15886394
3952045923 1615050929 51405053
207965683 431160017 51421581
633731694 2365759774 36579885
670311579 700952913 219238306
3200087289 589945654 111007259