1244459013 624435822 80444775
2608592263 3309263777 172991510
3165402867 2278806547 335097905
292819381 1643978777 105413752
704475267 462426854 15399493
3696584161 2678497330 345840247
2891254573 3613542439 34162874
1894523870 281665589 180761265
1706897891 1456352798 187625979
398233133 1877125477 198159658
4176101046 3482255287 104541624
2278806547 3662029939 329785716
3500500772 4098883907 196083389
4280642670 3647705313 14324626
4149492660 3024337577 11203522
85784517 0 207034864
2925417447 3231118601 78145176
0 1749392529 85784517
4160696182 3215713737 15404864
4042424408 3991815655 107068252
1129076520 207034864 74630725
596392791 1348270322 108082476
3100809989 2613904452 64592878
1326100451 1114082357 234187965
2864509045 3586796911 26745528
2781583773 3132788465 82925272
1560288416 477826347 146609475
3003562623 3035541099 97247366
719874760 704880597 409201760
1324903788 1875928814 1196663
1203707245 1835177046 40751768