217408321 2086205436 25053699
2604208456 1670861921 31003781
1631572552 0 258383552
129225554 3768288787 36192668
2421205388 2905533654 126666762
242462020 3399542287 357404885
866152503 3032200416 253960559
2039921781 2262442546 381283607
2635212237 2714844607 190689047
3613008578 1753855801 23976114
3636984692 1503365158 167496763
1340671861 2111259135 274956
1889956104 806620565 149965677
0 3286160975 113381312
2987089260 956586242 546778916
2547872150 3756947172 11341615
3846919647 3807789063 43277850
3533868176 258383552 79140402
165418222 1701865702 51990099
1120113062 586061766 220558799
2559213765 2217447855 44994691
3807789063 4255836712 39130584
3890197497 3851066913 404769799
1340946817 1777831915 42087923
2881175496 2111534091 105913764
113381312 2643726153 15844242
1383034740 337523954 248537812
2825901284 2659570395 55274212
599866905 1819919838 266285598