2622049454 736812858 79169969
3979548277 2854489162 116161222
0 2175018874 84480806
567798788 2400631546 48501534
3627076350 2837901836 16587326
1459224370 1289368272 21397154
3018037189 3252694507 93925363
4095709499 4063232797 21404553
1675574530 2560175285 695067
650203851 328659590 327259736
3143763337 3475937023 49576
1591893253 2091337597 83681277
3655324442 3516768137 39649206
1125784995 2259499680 94582805
1082589333 280432563 43195662
1676269597 1011614859 3965286
3955996260 4039680780 23552017
2701219423 684725863 52086995
977463587 2387091631 13539915
3643663676 3346619870 11660766
3143812913 3556417343 483263437
2907111949 3358280636 110925240
2293944099 2615629615 132579811
991003502 920029028 91585831
1513630670 1015580145 78262583
196718861 1310765426 316320664
1680234883 1638774240 331394507
2011629390 815982827 1882146
2874635247 4084637350 32476702
3701704795 2998403042 254291465
2426523910 1093842728 195525544
2837901836 3475986599 8980753
3694973648 3469205876 6731147
3111962552 3484967352 31800785
616300322 662956301 21769562
1220367800 1627086090 10492300
1480621524 2354082485 33009146
2846882589 2970650384 27752658
1352028950 323628225 5031365
2753306418 655919326 7036975
513039525 2560870352 54759263
84480806 1637578390 1195850
2013511536 0 280432563
85676656 2449133080 111042205
1357060315 817864973 102164055
638069884 2748209426 12133967
1230860100 1970168747 121168850