556810106 840812947 14926117
2598413684 2184905392 114045192
2130064037 1600958027 248227533
1271028210 1253957270 39538107
3521286912 4262821917 32145379
1930562940 1944404618 64932992
4252373354 3302720391 42593942
1109026743 279496091 162001467
725777554 2565853410 3969864
2712458876 1330352326 185715465
4039742261 3173278185 129442206
0 2064417497 120487895
299311037 855739064 257499069
729747418 1849185560 95219058
1373001379 767226476 66231296
571736223 688212171 79014305
1878676528 2890412515 51886412
2898174341 682278717 5933454
1781236499 441497558 97440029
3090089298 3673052565 50139248
1365646204 833457772 7355175
1738475707 2412172480 42760792
1995495932 2569823274 134568105
3193548680 3476912261 196140304
824966476 538937587 143341130
3553432291 3723191813 486309970
3140228546 4209501783 53320134
968307606 1113238133 140719137
4169184467 3090089298 83188887
650750528 204469065 75027026
1439232675 2704391379 186021136
2511835025 1516067791 84890236
1625253811 2298950584 113221896
3389688984 3345314333 131597928
2378291570 0 22623317
2596725261 2942298927 1688423
1310566317 2009337610 55079887
2940964744 201446459 3022606
120487895 22623317 178823142
2904107795 1293495377 36856949
2400914887 2454933272 110920138